1 0.766387 0.245989 0.341176 0.073678
2 0.762605 0.115865 0.343697 0.072490
11 0.281933 0.116459 0.377311 0.076055
13 0.285294 0.248069 0.385714 0.080214
11 0.284034 0.398990 0.381513 0.076649
11 0.281933 0.684195 0.382353 0.076649
12 0.434454 0.592989 0.057143 0.014260
13 0.284454 0.529412 0.387395 0.079620
13 0.284034 0.814914 0.384874 0.077837
1 0.769748 0.529709 0.344538 0.076649
1 0.767227 0.815508 0.344538 0.076649
2 0.766807 0.399881 0.343697 0.072490
2 0.767227 0.686275 0.349580 0.076055
